51047647 83861761
51047647 42261191
51047647 85479686
51047647 59751593
51047647 13386611
51047647 54549602
51047647 88646186
51047647 38122906
51047647 76235935
51047647 31446604
51047647 23266813
51047647 47560052
51047647 50692905
51047647 59458396
51047647 36667069
51047647 92884982
51047647 30767898
51047647 12831166
51047647 5661889
51047647 58783544
51047647 8262437
51047647 62635041
51047647 46236591
51047647 17774417
51047647 54371022
51047647 47828251
51047647 8802951
51047647 38372363
51047647 32190613
51047647 94667846
51047647 32202193
51047647 77055412
51047647 79880743
51047647 40693957
51047647 74262630
51047647 42115727
51047647 63014927
51047647 63128171
51047647 73235392
51047647 27365215
51047647 16624297
51047647 86605706
51047647 4534153
51047647 61000241
51047647 783660
51047647 67751905
51047647 47408535
51047647 88542244
51047647 88817213
51047647 85567244
51047647 99317494
51047647 53192029
51047647 78385879
51047647 870980
51047647 93960568
51047647 29540658
51047647 79517657
51047647 87234264
51047647 28775612
51047647 75979490
51047647 23382783
51047647 83075218
51047647 90793765
51047647 33558218
51047647 67123246
51047647 22554992
51047647 43865414
51047647 66593005
51047647 35717382
51047647 43779833
51047647 46904776
51047647 52921709
51047647 69172811
51047647 44232828
51047647 73543392
51047647 29944193
51047647 53024853
51047647 40211003
51047647 873617
51047647 73295819
51047647 86447171
51047647 94358507
51047647 19797837
51047647 88077683
51047647 22942772
51047647 51914987
51047647 55113249
51047647 66787428
51047647 10575604
51047647 87991849
51047647 90774401
51047647 36315868
51047647 4679250
51047647 8486400
51047647 36083276
51047647 9500819
51047647 32572367
51047647 19223635
51047647 32417439
51047647 57804779
